307835249,100,100,100
200920111624,29,88,27
201426701551,55,83,59
201314126518,49,38,62
201619517070,49,48,15
20176562548,62,60,51
201228089111,47,4,90
201719828330,62,62,21
201411474869,13,6,1
20130456317,76,35,35
20096468734,56,13,40
20161791371,74,37,13
201110341033,75,25,76
20117490796,71,51,59
201117698069,75,95,30
201528639040,93,40,59
201714645256,19,17,26
20115996415,51,58,46
201024674400,54,100,51
20128306306,27,5,76
20106063515,63,85,32
201415697471,66,41,64
201024705673,27,9,44
201423577819,67,67,40
201119345276,59,17,52
20168020455,14,40,0
201715368453,27,23,17
201228446003,35,75,33
201726834767,7,45,14
201019533522,96,1,11
20155643587,48,85,6
201117534563,59,55,43
20141272316,6,36,44
201625207674,60,15,52
200916903707,40,34,32
20091974684,39,17,75
201428148211,89,0,66
20115466691,33,37,69
201310929855,67,38,78
201610549531,78,5,69
201324543789,91,49,37
201213452544,86,53,79
200914001270,95,63,39
20116360529,63,11,25
201210756256,99,45,34
201010477779,42,92,16
201029518502,40,24,12
20110791702,96,19,82
201219206327,41,73,49
201412815377,10,41,21
201120226829,7,68,50
201410212753,96,67,70
20173006284,99,16,30
201210604729,6,15,45
201321722361,5,1,51
200926116276,10,39,45
201412029928,11,75,64
201013253489,85,80,7
200912568926,56,19,53
201628103586,55,1,97
201010623573,53,15,10
201012894104,79,46,29
20162686441,5,34,99
201510062442,46,50,10
201524636788,45,13,85
20116264332,19,18,29
20153058215,54,73,8
201529728441,53,46,66
201526588699,98,74,81
201219941610,35,56,80
200912410593,41,67,73
201717549521,66,6,59
201421598310,86,9,66
20093386917,95,36,74
20170739322,58,18,13
200920010768,38,6,85
201219411361,12,58,27
201228131381,35,37,89
201127189378,66,77,38
20129007793,83,40,70
201721792170,89,12,95
20152315804,19,47,63
201410747105,48,61,32
201525811726,32,50,85
20164569324,33,30,36
201414971090,4,80,43
201521191937,1,50,54
20174711049,0,63,90
20139996571,96,3,78
201211429058,49,37,32
201511220706,13,15,74
201629078281,92,34,21
20107856763,100,14,84
201415063969,65,78,3
200917558140,68,85,83
201221086602,81,96,88
201523314955,92,21,61
200912411926,12,88,41
20133198842,47,85,75
201524428759,5,44,53
20132785424,96,30,74
201112362365,88,83,25
20168820710,52,75,64
201614157100,31,49,28
201224987240,58,43,83
201020344654,59,44,63
201224674482,34,65,16
20117048485,15,2,17
20132287090,8,66,89
20142434300,19,54,74
201714925924,33,13,45
201526996642,50,73,79
201711068835,51,53,88
201715748943,21,0,100
201615747888,78,78,49
201324479463,36,12,0
20111990555,22,58,87
201126043573,46,40,61
201319423764,65,3,66
20099211357,16,16,72
20172342410,5,54,37
201622817593,48,29,30
201713586847,46,7,27
201227147535,2,82,48
201711184964,59,39,59
201222742366,25,32,73
201513421305,77,94,91
20178942635,45,93,62
20106037313,35,11,98
201520224823,86,69,95
201320297853,1,1,2
20141538438,67,61,56
201213468633,99,14,50
20134133598,68,92,99
201716789987,57,70,52
20147220180,76,90,2
20119198909,73,58,55
20158620108,36,21,7
20142130349,66,99,76
201516874416,12,1,68
20091791977,82,57,32
201012696814,73,71,90
201223505154,62,66,88
201117433438,64,64,33
20107487699,6,56,73
20135078227,80,10,15
201328978457,95,87,19
201311064279,40,47,84
201422212235,97,80,76
201112957661,43,40,22
201625049176,30,58,70
200925243867,96,94,0
20148265222,62,15,73
20116767065,66,77,18
201113712964,63,62,59
20175413359,62,45,29
201126651480,17,16,56
20176775027,11,2,17
20123871785,30,1,45
20146290087,41,1,58
20139273915,31,17,50
20109968285,5,54,19
20106960393,13,36,79
201411840787,55,42,13
201319564759,25,29,80
20159893181,96,66,71
201422299180,60,64,33
201120744183,38,26,63
201722055521,87,44,10
20147562162,43,21,97
201525794408,5,97,75
20128868593,63,73,27
201624192959,52,81,50
200911227713,6,80,20
201628143241,30,36,20
201718229048,0,13,31
201012974345,38,57,69
201629112752,0,52,76
201416167965,10,97,64
200912874590,47,46,97
20097589930,46,65,90
201023925143,66,43,78
201720869854,80,22,64
201212801672,13,57,100
20146595336,61,34,77
201625553509,83,2,57
20167018051,97,21,29
20092626525,89,43,12
20151334310,43,92,18
201721217123,98,55,11
201623670417,81,95,38
201527585749,57,9,20
201718443449,24,31,90
201212174390,49,78,54
201420172681,72,99,8
20123857110,0,28,56
201322551187,20,11,70
201110072164,92,67,87
201329916501,1,13,32
201116975794,77,90,32
20163300687,47,64,100
20098962709,52,13,44
201118957380,78,26,61
201314756849,99,36,0
201525015046,57,82,20
20134490416,73,44,40
20171670823,30,18,22
201623088746,78,50,68
201324423083,83,20,78
201320920445,37,62,63
20178992805,64,45,23
20113052907,67,28,77
201119866959,5,39,91
201225844795,41,48,80
201412338458,83,21,2
201419688772,20,22,89
201726194706,43,44,50
201419666848,22,78,22
20095440681,33,12,3
200912769481,98,96,28
20152819503,14,14,78
20114819887,35,12,85
201526483861,45,91,42
201517855115,6,5,34
20156829645,98,19,1
20167163624,87,96,33
201716806778,9,81,27
201127764227,73,75,80
20146254566,76,65,68
20124138174,42,51,98
200924889101,68,68,80
201412884544,41,92,78
201313000161,95,74,94
20165770197,94,58,10
201521319284,48,80,1
20164860816,9,14,84
201326047906,82,74,14
201127415330,74,4,52
201718704163,0,51,85
20115854595,14,13,85
20102848591,33,76,81
200924901589,43,0,12
20137528190,69,61,26
20093004728,56,26,51
20152173863,46,43,44
20171390356,77,7,89
201518527035,66,63,10
201229842436,70,53,59
201520165233,37,0,61
20100898054,14,87,49
20133062411,9,73,15
201114550833,10,5,31
20143291010,83,7,67
201423754800,67,86,100
20147844152,77,76,5
20103019088,65,93,57
20164242079,3,51,87
20171006205,27,19,45
20157107045,89,40,23
200922034329,20,24,18
201617916519,25,45,9
201020488311,21,93,2
20163890201,77,32,45
20123888944,32,70,58
20172360775,76,94,16
201227630576,2,46,44
201217166048,42,3,73
201213873990,15,77,23
20160218765,50,73,5
201524600602,45,54,12
201111709328,44,67,77
201621591455,43,21,87
201428656116,71,17,16
201319045425,12,16,46
201022499104,33,54,3
200928627756,38,75,60
200914393615,74,79,7
201723373664,94,71,87
201028795646,98,31,50
20178107802,52,71,50
20131600253,71,69,7
201123738363,13,93,2
201727944910,7,49,96
201113911037,62,80,94
20159932797,0,70,100
201320904040,30,78,2
201026401151,83,47,80
201514775968,65,92,92
201019792165,52,91,54
201225083763,33,2,56
201222958022,71,38,9
201622413146,89,92,5
20122109507,61,66,49
200927478020,57,26,74
200923654636,76,52,27
201128086628,53,18,58
201426630699,75,72,73
201411506713,20,56,26
201023751851,28,37,14
20165740648,66,77,81
201323221712,77,43,80
200927029172,91,70,67
201422877245,6,86,3
201129629298,25,49,76
201725101357,36,5,17
201021372004,61,91,11
20171479818,72,0,73
200927929137,55,81,23
201025290172,0,71,25
20110096505,51,11,8
200915121789,59,42,76
20139610851,94,38,83
20153850909,100,47,66
201111540224,62,24,24
20132294979,99,90,75
201218908845,69,80,40
201017406469,28,14,37
201623756694,11,21,34
201319392285,44,71,49
201111717831,96,59,97
201523650121,34,81,96
20129072127,79,60,63
201421765874,35,68,52
201127887441,48,67,59
200917829955,96,12,26
200920850777,92,62,5
201528839871,52,13,29
20128236332,12,96,66
201218835322,46,94,20
20145575704,17,1,68
201020173287,49,21,13
201014842078,36,95,81
201319411533,71,77,56
201329230840,9,42,66
201125960860,24,43,36
20135054594,34,91,52
200924217895,12,54,55
201119909546,49,22,22
201717504610,30,63,39
20106324743,67,100,99
201717536863,66,6,50
20162019522,24,50,86
20137098444,74,48,97
20163844705,79,45,60
201613387362,28,67,12
20150536962,14,27,80
201123135011,23,83,25
200915599894,78,90,87
201310435224,55,10,7
201719559042,11,70,60
201114789566,83,17,18
201518720694,15,66,32
20147937021,52,97,55
201424881458,99,36,48
20131851557,97,88,91
20144878018,23,23,18
201325327958,30,22,10
20116889188,57,23,73
20120778910,27,100,68
201317356300,84,84,97
201126374125,99,93,61
20150489685,55,45,51
20094125533,96,52,23
201424088372,52,55,24
201228355536,67,31,99
201429564365,99,41,58
20111933215,15,54,86
201212854870,22,68,12
201121392942,99,40,2
201418761969,1,46,28
201516100070,48,93,51
201215026831,16,21,18
20096480891,61,83,81
201617039661,56,72,54
201423174502,4,77,27
200916935086,72,86,62
20124113193,44,35,19
20136961945,16,48,87
201022631987,63,3,51
201229469498,3,21,3
20156249585,11,86,42
201515885868,81,52,63
200926902831,73,49,80
201129658044,67,1,74
201127012675,31,42,72
20136035163,97,69,94
201124382682,45,37,62
201318117856,15,93,56
201218117760,70,20,24
20146967281,30,84,10
201321164626,49,15,62
201029363331,52,85,92
201716745424,37,86,82
201415485707,46,19,30
201228837519,65,68,90
201224478359,15,88,14
201228990926,4,12,36
201020545375,70,64,60
200921980470,64,91,63
201126207669,45,77,14
201727246204,83,20,66
201020589696,52,91,19
201525898854,76,81,30
201511695289,32,37,91
20144537259,70,57,60
201124860248,10,36,29
20114513216,55,0,88
201116896088,20,87,46
201212080118,62,88,72
200925896184,79,82,86
201719544669,15,83,86
201611112723,49,50,21
20132218108,22,12,8
201521059702,86,87,45
20139838632,33,83,29
201515960764,25,15,99
201620509961,67,13,60
201514701213,21,99,25
20129389168,37,55,82
201410331462,32,82,88
201514304655,79,60,71
200929142144,93,32,86
201319741915,29,1,87
201329981171,56,87,82
20151388479,87,10,48
201620999507,30,86,91
20111553616,70,54,70
20175708781,60,58,4
20147546268,66,75,57
201523348544,22,11,8
201529492853,30,35,57
201513013858,35,18,57
201223965008,99,18,56
20141911613,63,70,96
20132341658,72,92,12
20121731742,75,8,43
201329156533,49,15,1
20131995649,44,41,22
201616483941,65,10,94
20151794054,99,81,36
20094641987,97,66,51
20125249629,69,99,13
201123934487,40,16,47
201423456742,21,45,65
20128998061,53,35,38
201429982992,61,79,3
201619369512,68,39,80
201612578508,11,57,38
20140307295,71,19,4
20101321719,67,37,10
201313980412,52,37,88
201624950934,3,55,76
201526717090,66,96,54
201023545867,86,61,65
20112453652,4,31,13
20127967760,22,98,90
201210989566,0,70,77
201023304939,14,29,16
20161597209,47,6,41
201625412025,68,46,40
201724994154,48,90,63
201012750769,18,41,56
201418419238,61,88,15
20163239664,56,69,13
200912618809,86,32,17
20155213032,86,26,8
201425246249,63,27,75
20128919141,65,60,48
201316025803,96,22,74
201227950686,58,55,9
201118240362,70,51,69
20114312936,100,46,99
201328902753,79,31,31
200918908645,41,14,17
201118607583,38,93,91
20144475741,83,10,90
201512867761,9,59,47
201420886614,0,16,91
201514225635,18,71,46
20172202137,41,8,42
20098943301,49,22,64
201724647678,77,68,46
201629185442,54,63,78
201524486817,67,90,31
201528360357,58,29,49
201416194952,22,59,69
201421224227,8,90,22
20100326468,9,38,42
20116198304,29,85,13
201128097131,77,97,79
201410230381,85,65,53
201325584451,8,62,53
201320457213,46,29,70
201013685641,23,36,23
20117816942,84,29,44
200926037830,38,100,40
201716887997,70,67,5
20132444838,75,46,32
201624111036,74,60,14
201614148432,9,68,75
20109565804,67,37,6
201429989831,82,58,48
201319153914,11,91,63
201612774580,56,24,16
20141696166,64,12,87
20109760723,94,58,80
201117764561,6,49,97
201617153289,34,24,5
201328105895,50,95,3
201617419567,16,70,48
201615795503,13,3,60
201525872122,72,67,28
201223376189,10,8,45
201121627151,52,16,44
200912428242,28,21,44
201618570550,77,10,9
201224035794,5,26,23
20100287764,32,79,62
201111033474,70,12,95
200929498850,76,89,92
201326377333,47,97,69
201618525654,100,12,22
20175945813,50,17,82
201717942409,55,21,70
20170128318,82,98,43
201124853199,54,49,52
201221736932,37,17,16
201627240981,79,98,55
201221493510,90,14,99
201022167266,15,42,35
201722862993,85,59,76
20113368459,65,58,21
201623059504,11,92,96
20154690987,74,62,92
20167018169,69,56,59
20099295333,39,19,93
201613882166,86,45,72
201026851434,31,41,26
20176620048,23,33,44
20138196323,32,25,59
201122910661,69,43,26
20147975875,26,49,54
201612251068,45,96,42
201016505083,76,23,19
20096179247,81,6,0
20159654890,38,53,76
201514551041,83,65,71
201623882718,75,56,6
20115587694,63,75,7
201429518949,30,22,17
201022383895,2,2,16
201115386212,35,83,81
20092666451,60,89,11
20101377831,91,97,90
201323251366,23,84,5
20156099443,59,56,52
20162927141,9,28,0
201324312055,6,73,82
201010382187,8,13,32
201520154702,58,0,36
201127034186,29,28,37
201012488715,62,27,48
201027375521,69,72,18
201626961052,88,63,58
201223728667,33,66,69
201715583530,50,8,98
201324905896,43,55,79
201124003642,16,41,67
20159237113,77,28,74
200911474016,33,49,42
201122880455,17,16,41
201523694558,13,83,5
20113305032,46,7,40
201514294558,14,93,36
20140369169,36,12,47
200922244413,76,1,76
201211480508,72,8,37
201520245459,16,61,66
201626087267,66,11,60
200912225182,25,74,88
201519015378,34,6,88
201412256498,7,14,60
201620594433,56,32,33
201513724374,89,41,72
201313987394,95,25,27
201624513265,11,7,37
201116711702,79,75,70
201422837157,71,87,48
200920283873,33,92,42
201425249888,69,51,94
201415225387,98,45,31
201528682932,26,13,91
201623983245,52,50,0
201720198841,34,12,70
20179848867,6,47,46
200916217948,80,59,2
201513479448,11,64,16
201126158599,68,7,51
201424377507,44,6,75
20145516471,0,15,47
201617546194,30,80,100
201012114270,13,85,62
201424353198,66,21,13
200925561644,3,9,66
20173632579,56,5,2
201412093590,3,89,19
201210572346,58,1,14
201622795747,45,37,76
20141034414,43,86,46
201016923695,8,23,41
20121044105,87,97,20
200924123872,3,82,15
201524217226,68,7,34
200915386056,70,16,78
201022660606,92,68,47
201422340438,67,26,34
201524855258,70,24,21
201428761492,5,76,26
201124775949,54,52,65
201423546650,91,2,58
201414488519,87,5,45
201510536855,46,18,66
201629248883,64,34,38
201523163196,78,33,29
201512501862,86,39,77
201429187734,24,14,26
201111914209,92,42,86
201616045287,46,93,13
20124975852,15,63,43
201011666521,85,88,90
200918361654,6,30,55
20137330234,85,28,59
20117042778,87,20,55
20174134180,99,40,5
201227703005,52,88,90
201717892354,5,33,76
201628078736,26,90,16
200912733732,57,42,16
20178166612,58,4,60
20156731390,98,33,94
201610804903,80,27,92
20176530286,12,42,82
201516635229,36,86,40
201429937849,59,30,81
201220955765,87,33,37
201424474416,80,83,91
20139457850,38,22,69
20146147769,2,21,21
201518015987,31,66,37
201714207156,1,63,23
201012188519,54,50,45
201015219917,71,74,2
201714655701,95,3,36
201616860243,14,0,4
201018577601,84,59,5
201019389060,2,16,42
201219268854,11,6,50
20107003493,100,64,22
201617302544,2,64,77
201621737675,48,97,21
20111154606,6,85,72
20159004097,84,60,19
20161259302,10,61,100
201118354372,87,14,85
201011528653,42,11,58
201720025409,14,21,17
201513491920,14,97,27
201512014998,55,19,92
20165827654,35,60,40
20101903573,30,49,98
200921721884,98,85,5
20150600006,50,67,44
201219419134,18,33,89
201620714781,81,45,42
201325178891,26,77,39
200917160728,81,11,94
20101094766,49,32,66
20170550830,41,62,69
201226898788,13,90,40
201422308772,18,65,96
201027952781,55,47,32
20150984160,59,47,3
20173314812,40,67,53
20152380155,39,25,60
201019186672,74,35,6
201420539072,74,15,19
201625959940,22,20,5
201125756874,42,19,41
200918935669,42,92,38
201310764601,60,3,36
20161513246,93,83,73
20168883252,49,20,71
20100756349,19,43,24
20137722419,58,57,10
201527053022,61,48,25
20100104053,12,90,81
20132196712,38,92,82
20137556293,80,78,4
20095573174,97,43,25
201129582317,25,33,62
201110082828,49,36,98
201016387268,10,41,9
201320003688,21,68,97
20140080557,41,5,1
20135910811,22,64,24
201022104834,32,64,45
201512435439,78,63,65
20169112266,99,8,23
201322108526,25,22,93
20108903824,24,38,29
201522155399,83,40,64
201229151082,38,26,12
201416225948,50,6,73
201523661551,13,68,63
20134300092,19,53,70
20130613407,94,46,51
201019703491,37,100,98
20148131350,63,29,2
201328785172,20,36,90
201426201611,45,55,43
201620274921,16,15,46
20157128734,94,85,0
20164127257,22,68,5
201524576376,4,71,14
201325940736,54,2,14
201528808162,97,36,82
20152210153,68,41,89
201410197540,4,74,34
201016374566,80,100,22
201410086962,35,11,96
20148336313,86,27,100
201524126470,39,74,13
201229072104,0,12,69
201112044836,44,31,16
20149376392,91,48,83
20143292017,54,81,10
20129167760,53,9,57
201114815839,79,19,0
201427076030,34,71,68
201210678034,60,11,25
201522756861,31,31,13
201124430426,84,86,17
20141558705,67,72,2
200915059620,20,61,96
200925899707,70,38,67
201728435246,22,37,39
20144441787,89,64,52
201619622498,71,77,1
20174063478,99,7,74
20168678545,42,34,88
201116714912,42,24,23
20128006378,22,20,80
201119121938,28,14,8
20153080080,51,0,16
201417292591,5,27,74
201515081773,83,48,9
201224512724,22,13,76
201327091556,88,99,19
201321632315,0,90,53
201628587965,27,49,19
201721607176,5,55,44
20102451749,27,45,37
201023747789,43,9,80
201024874397,86,68,80
20150377099,31,71,45
20107671505,73,73,12
201711240469,27,42,8
20151619954,75,96,64
20118019835,47,80,39
201329051008,79,69,88
20129309276,42,13,51
200923953276,73,93,37
200926572500,2,83,43
20114299004,89,13,17
201220918455,19,22,34
201523809146,71,11,2
201619423714,97,88,57
20136597263,44,50,95
201223338024,24,78,88
20121388500,80,11,75
20162116783,75,98,37
20176134720,33,28,52
200910048717,27,57,62
20144779233,3,77,51
20090413971,19,73,16
20141316521,46,93,55
20114645444,94,94,50
201618652320,13,12,43
201727269926,68,31,64
20136201527,28,8,92
201012121550,56,62,68
201118432126,31,28,95
201426431214,25,63,75
20162796868,2,66,44
20101041567,20,95,59
20099149831,45,79,26
201715365906,40,49,9
20170025580,83,48,81
200914860506,62,1,7
201421072516,86,89,3
201715142858,29,27,40
20113412803,14,52,79
20160824832,89,48,59
201211680728,88,21,54
201418442700,97,94,81
201428169841,93,14,43
201015862357,70,7,85
200910849222,60,1,63
201127613904,58,67,34
200919846643,54,0,79
201320453963,43,86,69
201215278157,22,3,89
201222313159,75,46,92
20100180432,81,24,49
201110838530,60,28,7
20124066785,90,91,35
201423204773,82,41,0
20179755337,19,89,65
201621836866,82,54,90
201027789222,73,18,86
201320570310,41,43,39
20173915384,39,66,80
201411727195,41,25,64
201412590087,18,17,4
201325563417,35,83,64
200922963748,92,80,8
200922516774,7,3,89
20137258712,92,90,23
20153680386,79,60,40
20132481734,72,98,21
201729967206,72,40,14
20094028423,1,42,34
20169226101,17,24,27
201328333596,20,32,37
201013740466,63,86,84
20127579850,89,10,15
201029621353,77,35,56
20171426747,76,88,62
201514087837,35,78,77
201727808607,32,53,28
201512538541,97,0,33
201723833940,1,68,93
20110549441,83,75,73
201713400706,60,32,99
201619366498,12,55,4
201622655778,11,6,27
201516232921,11,71,5
201728586140,73,79,29
201121182377,29,66,41
20140998997,43,36,52
201515384061,83,76,28
20176572626,93,42,65
201419023279,20,99,93
201711058233,53,92,80
20146219044,35,39,96
201318230466,41,95,78
201411638360,9,72,80
20097239329,88,54,17
201416853125,20,37,20
201216200845,62,90,33
200925837557,61,29,59
20158300928,48,82,53
201528314887,21,65,16
20168752372,56,21,28
201122923877,77,73,61
201520068944,31,86,33
201018331007,43,33,24
20091468347,95,86,41
20143112939,18,9,12
200915364483,71,24,18
200923458936,13,29,11
20132926423,29,62,66
201019706684,32,49,88
201411771369,55,36,84
20092697878,61,74,7
201225564477,99,68,32
201419970689,38,75,94
201713012037,5,26,10
201426461638,34,58,27
201314548130,55,18,64
20100333771,50,93,71
201220280091,77,46,73
20109241895,45,14,77
201315198436,55,76,57
20132214203,21,66,1
20161916564,59,33,68
20166100712,5,54,35
201219820918,65,90,83
201711269206,44,66,31
201518125982,52,36,11
20111571787,5,7,11
201114347155,71,82,58
201019044567,26,21,29
20122140378,42,0,21
201623736680,65,43,41
201522718153,36,71,94
20132510646,10,93,12
20119395563,36,33,63
201726184089,87,39,71
20106900244,5,96,67
201223919212,33,32,49
201412756096,16,49,44
201628733818,44,35,60
201523483369,1,1,3
201319942976,35,0,3
201127099410,65,19,51
201311910992,0,44,69
201215100734,4,17,59
20175260122,41,57,5
200929279605,5,50,46
200910557129,57,17,23
201620749461,51,89,69
20136175123,30,2,13
20166030665,52,7,27
201526309705,40,69,38
201120503848,85,64,32
201112109116,8,14,69
201110053624,54,68,66
201614719518,49,58,75
20153496966,35,56,14
201325449615,32,46,74
201220303940,36,52,35
201627176672,83,41,58
201411732814,95,71,25
201114064640,97,33,67
201626815310,97,13,31
20101537065,94,58,25
201115122578,17,39,0
201327472810,48,4,90
201515142194,75,43,66
20097971829,9,9,57
201327842161,9,65,83
201516395041,49,71,64
201218045341,35,88,9
201318901950,29,9,81
201510902573,94,85,93
201228360205,61,16,66
201125708829,48,17,64
20130073160,32,93,37
20133431459,49,17,74
201126285446,93,38,28
201618422108,84,96,62
201412439276,22,73,29
200917801909,65,93,77
201324220474,11,75,47
201017422746,23,78,78
20179653577,57,12,48
20158666424,98,71,66
20129304471,75,87,24
201617349861,43,1,4
201027143619,71,95,56
20172913374,41,47,71
20144374056,50,19,98
201127336771,41,47,18
201622055968,68,89,81
201218216699,18,2,18
201112489985,23,20,76
201215801210,16,90,90
201222344799,75,63,17
20127728771,6,41,83
201116013233,94,87,14
201523175331,22,79,12
201015294085,53,77,39
20110063911,37,97,18
201225428529,16,21,70
20139408212,8,15,3
20098251120,29,6,85
20099503072,10,5,25
201029977338,75,23,44
20138904341,54,5,44
201515383664,7,47,30
201023544411,93,43,46
201518043163,1,98,25
20122892436,36,69,99
20145233241,57,64,92
201015626046,52,58,24
200910222037,91,74,24
200921695918,82,89,95
20124476572,50,68,88
201125309668,32,18,78
201129048627,2,14,45
201421457057,17,21,8
201327138303,69,37,90
201025725971,33,43,16
200913781334,97,90,22
201119708069,75,46,47
20159393486,79,25,1
201020023576,68,79,78
200919529797,22,29,31
20135815971,3,34,23
20141714949,59,6,89
201313163474,32,8,18
201215991283,64,85,23
20140749546,18,38,40
201013150785,35,86,22
201010541317,40,1,87
201713067907,96,74,68
20134250926,98,27,17
201313229381,79,55,24
201414427364,46,6,35
20106760316,34,22,14
20157106788,33,12,59
201326335090,20,63,91
20170941153,35,19,46
20108580224,0,22,26
201716259082,50,33,40
201516339037,61,37,3
20131341051,83,73,15
20150802222,56,68,11
201714483734,29,12,69
200910989952,63,0,46
201628334206,41,48,38
201624889061,46,48,97
201725559275,48,11,76
20116043557,64,81,99
20140119008,65,67,87
201422020001,43,57,16
200915975304,36,28,33
201312190399,59,100,89
201219004931,26,57,14
201515036520,53,98,65
20150802963,98,41,47
201110741511,8,25,58
201118868353,55,97,50
201724670453,98,5,46
20155445606,57,74,67
201416714056,3,23,3
201115306886,53,12,28
20135438713,33,19,55
201218844997,46,87,19
20110751527,15,35,58
201324408777,57,78,29
201123182079,68,74,7
200919543627,38,90,22
20147197894,43,15,84
201617347915,0,86,33
20170082344,18,98,71
201117487141,15,55,40
201421198897,100,13,59
201010615110,58,86,58
201117102729,39,11,54
20127537457,73,79,86
20149165736,73,67,7
201412532485,80,95,35
20117909195,37,42,78
20174322451,67,7,87
201711117952,39,67,24
201323366585,44,17,40
201727983374,51,3,17
201220588778,61,65,35
201517553160,0,25,4
201025100474,25,39,43
201025872020,79,70,87
20157538066,70,69,33
20149629206,73,50,72
201128799040,100,68,9
200911803757,15,35,28
20095930014,1,54,89
201128478475,12,70,26
201527180723,75,78,91
20128566409,47,18,56
201414247182,70,2,19
201414971496,12,15,80
201729212376,9,85,54
20134976113,31,95,22
20167034903,65,87,82
20157654157,8,73,6
20094015682,42,31,69
20104567717,89,66,64
201123760752,61,9,44
20149982890,45,94,23
201028059824,100,50,29
201522495007,82,57,53
201310388094,18,97,1
20092764564,99,78,20
201326730067,75,83,91
20113378887,19,83,0
20110195670,41,91,49
201211661153,94,97,77
201413836634,49,28,9
201523915098,19,40,78
20159005534,44,33,11
201123947005,22,36,0
201226937358,79,10,99
201623484564,94,29,0
20138033183,54,3,14
201326883281,81,69,8
201328848057,47,19,69
201611216936,8,8,76
201315268105,18,10,48
20128885274,80,48,85
201214694939,57,70,77
20100366922,84,18,46
201414780212,8,34,39
20138575912,68,44,43
201218859916,11,34,18
20131633850,77,18,59
201214056135,36,92,75
201315177089,75,81,66
201322764290,44,43,23
200929147004,41,52,100
20110821183,34,30,15
201115329540,50,87,43
200923258145,70,47,37
201317403454,19,87,21
201729630535,88,99,39
201017955396,46,38,76
201510744259,63,72,43
20165221617,50,10,24
200915048169,33,93,2
201311429636,29,19,21
20175542546,51,37,14
20160099658,98,42,25
20126703020,60,22,26
200916331899,51,58,75
201625295125,32,28,100
201712454096,78,97,88
201229411099,39,78,19
20154845240,53,95,73
201718822120,42,9,71
201626105994,52,15,46
201220204803,57,35,97
201716411959,67,33,2
201514102270,27,85,40
201324912417,4,88,62
20152928682,26,84,40
201416188496,5,4,15
201120178992,31,39,19
20177398622,46,16,96
201612715338,30,28,41
20153576484,27,42,69
20119344069,33,87,29
201314511914,85,36,11
201329717607,20,8,64
201427274847,89,72,76
201711683241,40,22,68
201615155280,28,64,67
201727929625,22,86,100
20099283520,77,56,37
201713739346,71,25,50
201716808759,51,8,72
20170579561,68,100,57
20096893158,52,35,87
201218010111,33,43,8
20121092584,45,66,92
201522194219,21,76,55
201115201825,25,51,61
200916427779,38,92,53
201521372350,12,3,40
201320936098,4,72,7
201019729584,35,48,73
20119642489,54,69,4
20119562933,88,68,67
20177253099,69,20,34
200913456901,54,53,82
201717764816,87,73,93
201722212375,63,91,53
200918474988,92,6,71
201710852575,11,60,30
201718555451,53,78,82
201319457624,41,82,100
201526465938,22,10,76
20106698134,83,35,15
201019952537,61,93,38
20114989447,92,95,10
201122739411,33,48,50
201115436884,98,7,42
201022381015,56,76,69
201315429619,67,38,83
201621653389,20,80,6
200923639051,41,29,52
20151286169,74,57,50
201621199118,76,31,18
200912614882,35,55,81
201324604372,92,94,99
201021860551,66,2,15
20119756247,40,12,52
201419766096,49,52,30
200927803443,84,50,44
200926059637,100,53,28
201623081439,87,2,18
201110339657,18,11,7
20154765168,10,67,86
201510702754,53,75,71
201527918773,79,30,56
201313623231,29,22,36
20129294909,74,71,51
201516751134,75,56,76
20174892189,80,80,71
201628262579,86,1,19
20138351221,37,91,94
201415835512,70,49,58
200916479025,65,28,27
201517515483,69,86,57
201611644131,18,46,56
20165300855,86,78,46
200927378063,10,15,93
201714540596,67,45,83
200918314395,82,19,93
201110103840,47,51,44
20168923071,71,96,33
201314281986,17,35,95
201029778659,21,80,52
201719558915,31,30,74
20166190775,6,45,93
201221039723,34,79,42
201229059076,17,49,33
20120994784,57,84,60
201118942755,12,92,96
201627169910,96,31,69
201318618456,30,53,77
201027234453,92,99,6
201417581484,35,38,38
200917993790,29,96,27
201116698701,26,82,41
201712506788,25,47,1
200924923577,28,87,92
200924366457,0,40,87
201129431667,76,11,66
201019677838,19,49,87
201028123728,16,51,100
20102974234,99,7,87
201313822997,25,40,9
20115054403,3,97,93
20094353888,72,99,24
201410640024,62,56,79
20096116189,52,55,62
20150919465,90,15,36
20171982193,27,66,25
200918674620,61,15,87
201025425765,18,63,72
20105821146,92,80,39
20161557108,30,1,100
200914391373,8,29,92
200925502802,13,14,85
201614637881,19,76,68
201021971191,53,55,95
20135479984,92,19,61
20157640451,4,12,89
201025001958,29,42,88
20104771557,6,76,2
201325235338,10,9,37
201714222973,15,23,72
201520529007,18,1,39
201013756818,2,39,43
201529495877,74,67,11
201610105385,69,52,17
201126466249,70,61,37
201021357908,30,57,38
20178609304,29,28,17
201625612129,97,68,96
20158563457,27,45,36
20134037556,72,23,84
20163064391,6,24,4
20146285092,26,16,66
201629290797,20,59,39
201310739580,91,96,2
20137784581,63,15,94
201622683701,46,96,55
200929264065,75,33,60
201619445703,23,9,91
201120381205,36,52,74
20135108906,93,1,36
201215555005,78,16,16
20094385377,33,83,42
201622614846,23,39,38
20150523410,8,22,41
20100947850,1,6,37
201514172846,3,91,0
20098461746,53,94,60
20127147950,18,93,41
201218150765,19,19,11
20121926969,94,28,44
201724956794,63,88,57
200924174161,36,69,54
20094586986,49,75,37
201717752844,7,92,33
201622376299,7,28,21
201325935561,77,68,72
201123378769,49,37,47
201417462877,40,50,64
20092942647,86,65,98
20173129966,49,60,46
20094134915,24,91,54
20134466522,9,85,5
201622408602,93,50,27
20091503910,34,24,44
20097628356,7,90,6
201518685418,29,79,3
201320855267,95,94,4
201629544707,45,4,44
201310247413,7,94,38
201620557343,9,29,41
20147348599,70,14,62
201125400217,20,17,57
201620625988,76,0,1
201621007592,96,19,92
20109388672,99,76,62
201516339035,38,100,82
201422128051,26,68,24
20101323533,14,38,57
201524034377,56,32,12
20168184528,65,48,50
201111977553,64,12,68
201510968976,97,16,47
200927809148,51,70,7
201623576075,46,25,72
201517555410,30,1,38
20104833780,73,99,66
20138931831,68,56,31
201324160438,1,91,31
200921594374,96,24,65
20100207928,1,38,56
201411292841,93,74,28
20160787511,58,99,95
201016313992,84,93,57
20096993822,25,98,37
20103670796,62,58,53
20137384484,95,32,53
201323767034,90,77,52
20119604300,87,71,13
201127348768,2,66,89
201329328661,0,92,53
20102408322,9,68,49
20159536098,45,91,35
20158032597,81,63,18
20156934586,43,21,86
20130715302,97,39,8
20109831423,37,0,97
20107392987,77,78,52
200917018287,47,41,69
201322352046,29,88,94
201216665974,70,86,95
201427154785,34,64,32
201029056280,95,44,1
201417455091,98,11,62
20099158892,46,99,12
201515138503,31,67,77
201015124119,100,100,20
201317874756,78,12,92
201017585044,24,78,36
201413242022,48,98,55
20118080839,32,21,66
201119574860,97,6,100
201110005769,24,53,21
20097512836,2,9,46
200912829524,52,43,60
20110427689,96,91,36
201728179159,43,43,73
201518152336,53,35,12
201712077006,93,15,59
200910825555,91,15,85
201422043379,10,76,9
201212914763,30,10,79
20137756240,78,96,19
20100056425,50,54,12
201126021537,66,94,26
201313870756,1,52,76
201628049165,2,90,100
201310241728,71,64,37
201510668308,19,52,73
201211702529,17,78,14
201526913825,83,50,54
20170487622,3,2,41
20107314728,82,19,18
201229624902,40,49,28
20115501909,21,0,67
201121931750,88,11,32
201523456010,76,0,8
20093045205,100,64,89
20124370170,94,85,55
201718286290,36,68,12
20120897170,88,58,14
20090587394,19,80,16
20125724872,35,99,33
201620713601,86,43,17
201525572304,47,71,49
201625638703,22,1,16
200925726292,80,65,45
200924872170,31,50,66
20126532808,67,44,89
201317898617,79,64,36
201626404118,55,35,41
201615920975,2,24,94
201727198338,14,58,5
201022763498,80,17,59
201217766709,14,56,69
20163563940,5,1,3
201423684043,32,91,85
201712918498,26,32,54
200925438501,57,43,92
201211275946,96,92,61
20107030389,72,100,59
201410305442,74,14,36
201217281800,68,92,26
201320729688,25,53,88
20117923201,44,58,39
201328660668,97,37,81
201520365394,95,2,35
20137948234,30,48,30
201013844160,10,96,95
201218084527,48,10,51
20091191954,98,46,53
20155085862,7,62,29
201011757230,92,41,85
201410011523,71,76,47
201325319654,25,23,12
201329782634,77,44,94
201410486398,49,73,81
201420620232,32,97,5
201623085810,95,55,19
201125553230,23,20,76
201523775011,34,91,44
201014546814,11,66,53
201421223290,24,85,67
201712559619,39,57,78
201612072541,27,39,90
201311919110,34,10,74
201618999343,34,33,43
200915277012,36,65,9
201011749734,21,26,47
201719936283,33,81,19
201728648876,19,12,82
200911009730,52,30,65
20111722355,25,72,6
20091088520,24,5,49
200916006246,39,78,36
201315414430,94,15,37
20177190283,0,69,40
201718813595,37,2,29
201223192879,88,39,37
20173303296,98,76,64
200919021050,93,17,100
201410830135,23,49,86
201322599583,47,86,66
20105076804,29,21,68
201326200736,64,16,77
20147939816,18,75,68
20156911378,38,54,90
20095225600,86,77,85
20150708396,27,30,54
20122965293,10,18,14
20153583322,92,59,64
20099202621,11,87,32
201211042976,94,59,77
201128548886,9,15,72
20150347569,70,56,85
20159509695,69,64,72
201413522886,75,73,13
20119639565,75,27,12
201623384784,66,8,20
20098344349,52,20,30
201314512776,75,63,90
201714219413,26,12,3
200910153656,29,1,78
201210808234,83,90,6
20152989605,5,77,11
20090394746,3,38,98
201014318148,34,47,5
201115968136,44,16,58
20125537878,64,59,39
20123796404,54,52,16
201228165172,49,76,10
201118210735,49,69,75
201110871448,65,48,32
201012806056,52,74,89
201411423769,71,54,83
20161979241,8,16,43
201711918123,37,14,23
20177645880,3,63,41
201111942494,79,84,76
20172152597,24,52,64
20163934473,34,66,52
201015243731,16,39,80
201717670476,16,59,30
20098919769,78,100,34
201424804249,70,6,6
20108912047,26,55,56
201421749964,33,49,100
201723354194,4,24,89
201525882040,32,13,35
20117025774,70,53,72
20172143399,39,49,33
20172572424,51,68,25
20090782478,13,67,44
200924561898,45,14,59
200926713485,70,7,80
201523647231,83,68,1
201018780253,84,49,66
201710872771,33,65,93
20142729702,93,89,95
201528334515,80,54,1
20169710918,46,23,2
20156373475,62,67,4
201714930665,81,6,56
201327009551,23,53,42
20164835808,22,22,34
20156872081,39,9,27
201117886818,34,28,8
201617252827,7,15,19
20122016018,13,47,63
200911758494,79,72,3
201522378742,35,34,6
201515547663,45,17,27
200920047761,47,83,2
201227968260,53,91,93
20127358154,45,57,69
201523517978,100,74,51
201726745512,69,15,66
201126607515,4,93,88
201415734513,48,41,20
201324719199,99,76,35
201121452193,70,40,80
20113255105,48,2,62
20113035250,5,31,65
201710342782,39,32,17
201621075353,69,76,100
200915727869,71,68,59
201714919251,50,64,25
20112419906,36,19,32
20122399330,77,89,95
201411957827,61,55,94
201027176468,84,5,54
20106586869,65,9,59
201114639690,57,76,90
20145240482,17,28,72
201028557504,31,41,36
20108762413,45,55,1
201018181802,42,15,95
20114858728,8,64,20
201324387102,76,1,93
20176597407,33,56,9
201613261635,16,50,52
201614062397,1,73,62
200925804215,3,66,55
20163870078,43,99,43
201125081143,61,71,33
201614734960,64,91,7
20177560640,5,55,9
20112288507,44,82,68
201316240375,100,12,8
20130441654,99,60,83
20145701934,90,72,77
201220214852,64,79,0
201328277675,37,18,60
20176546032,32,55,44
201210929932,51,19,33
201121213406,32,20,84
201627068206,85,41,58
20091055129,26,87,68
201029384437,34,8,72
200918296280,39,59,58
201012343852,97,23,69
201128686842,1,51,43
201218338142,57,14,19
201418062153,68,11,34
20145269221,86,40,26
200910274692,67,84,72
201418170224,41,71,71
20103027215,3,16,41
201618039622,41,67,78
20121340421,39,45,34
201211524760,60,62,41
201014172055,34,75,12
200919890355,26,78,67
201216062516,97,82,26
20148082234,88,18,16
20170127189,12,33,9
201613467163,46,22,88
201224883717,0,86,89
20176079009,64,50,64
201422800591,59,34,99
201129847915,19,70,42
201419353614,69,32,66
200918504268,82,68,39
20099823494,34,29,96
20125223352,55,70,80
200918978045,25,48,66
201512939917,81,7,53
201129614286,86,61,3
20173379130,93,8,51
201017504824,67,29,41
201329250248,10,77,10
20097469432,72,8,30
20128569929,78,30,9
20170887723,72,60,2
20159386375,11,66,68
20096782193,54,90,23
201516025682,44,20,73
201618456877,54,91,7
20170602684,57,3,29
200928573500,24,100,75
200921176843,94,94,14
201624632037,38,86,91
201129155411,44,36,62
201222169343,24,47,94
20173141062,71,72,64
200924123237,11,45,95
20097444363,63,77,70
201517669830,1,68,13
201019077590,10,8,7
201727912863,82,50,55
201715866052,10,98,68
201418631452,48,31,64
20099833159,0,50,12
201414572282,69,37,13
201112164904,78,60,56
200921909770,32,12,15
20123466077,28,89,51
20105770240,11,24,40
20097697666,43,99,5
201414107087,38,19,34
20107779017,77,42,41
201321434007,72,81,92
201215867765,39,66,55
201127944497,14,11,51
20130989013,72,97,58
20110135807,63,10,7
20154243120,92,64,91
201521213808,32,41,48
201117193797,75,5,8
201626699725,79,53,15
201612841658,2,41,40
201228649316,14,18,28
201011765818,7,93,13
20145266034,47,51,43
20124495402,67,29,73
201115100888,28,61,75
201119908150,59,47,73
20101714080,100,85,9
201524156053,32,61,4
201615832863,58,58,89
20149114703,51,20,15
201124661500,95,68,75
201525631696,40,35,37
20178817435,39,59,48
201523240018,98,59,64
201011516930,14,11,80
201627711011,0,84,84
201418465061,32,40,21
20158833912,19,89,18
201315364857,58,88,46
20102389533,14,90,30
201513731687,4,44,41
200921359627,57,24,48
201027029744,59,8,20
201625969572,5,76,75
201224240636,81,69,43
201629692823,31,14,45
201523786500,99,13,54
20159148766,51,24,52
20131509536,82,38,63
201012885626,45,78,42
20179780903,67,79,88
201424530364,82,9,81
20168544896,41,84,12
201319291402,10,23,82
201221286858,44,84,22
201529624563,33,1,4
20166632929,3,17,40
20119422153,8,90,17
201620032377,16,60,90
201521235028,69,29,7
20148105397,51,39,77
201326149092,90,68,51
201723466944,41,68,46
201122907202,47,100,94
20155099391,45,88,100
201020018971,88,91,19
201712453756,56,43,30
20163974873,45,78,99
20170658755,7,73,65
20147959797,87,1,45
20097765895,31,14,57
201122079541,69,13,69
201013695638,71,35,9
201228300733,19,59,85
201428479689,36,2,59
20139331939,82,26,45
20171894211,38,95,2
20125658793,88,63,36
201120839098,27,3,38
200912913837,86,25,94
201210776452,22,30,9
20107754636,5,49,8
200929780878,91,0,47
20102352988,47,6,82
201319564198,86,76,74
200910516133,58,80,11
201229385968,53,63,84
200927511175,76,43,69
201325750698,80,21,2
201418894812,89,50,41
201124131516,12,39,4
201728076788,78,62,27
200929229513,83,0,60
201622046970,50,1,88
201014578912,35,13,3
20141125770,78,92,44
20136888556,16,86,21
20107328629,75,88,59
201724776234,68,67,19
201424427212,89,85,75
201710851502,32,91,67
201425316974,79,3,77
20114169602,66,76,22
201315104288,99,100,28
201127807421,57,62,51
201415721893,21,8,50
20137273190,13,56,3
20149429856,40,72,61
201225571157,24,6,50
20176741041,22,31,53
201511744379,75,40,97
200910558796,47,87,8
20140301845,60,70,53
201129473460,88,60,10
201710972900,38,63,55
201315268698,64,80,19
201618926124,29,81,65
201114037367,45,95,37
200925061565,66,10,39
201612055685,11,78,70
201320175275,37,29,0
201521874395,90,30,19
201720340394,16,31,68
200929117703,46,10,41
201518481103,52,58,22
201223573645,20,12,69
201221191230,25,11,75
201428486437,63,51,32
201119621445,60,22,73
201021511415,27,89,87
20137903727,62,48,96
201115614815,63,44,58
201415018807,11,36,9
201310654412,9,40,20
201018386783,49,26,59
201121458081,68,27,22
201222492970,20,0,29
201419692161,71,87,88
20148455241,98,73,78
201015148163,90,24,62
201418969827,35,51,65
201525825401,57,9,83
20127655711,25,80,60
201021641874,84,7,63
201629139717,28,79,44
201116661085,58,91,87
201724616078,55,70,35
20142789339,17,65,16
20149099611,87,82,76
201612608137,62,13,75
201018758219,65,96,89
20102343271,32,36,54
201022718802,60,22,35
20117258403,71,22,6
201324982485,81,50,24
20142032036,4,13,7
201018041882,54,62,68
201114346859,34,1,6
201713885078,36,85,21
20130468111,95,39,44
20158677106,64,58,63
201121403436,60,66,80
201413753895,31,74,59
20151594675,32,56,60
20178456297,17,11,58
201022722851,17,15,98
201427789189,57,96,26
20159620439,26,53,77
20162381447,54,77,52
20108821664,100,0,1
201526264366,70,38,39
20135569091,3,89,50
20130520682,15,96,92
20113266403,96,11,42
20169040936,20,93,42
200919172058,3,79,61
201219614637,31,10,71
201724779349,42,27,8
201419470700,86,78,12
20123663410,92,41,96
201616038163,41,43,11
201518488776,28,92,86
201415559771,27,11,46
201020269918,42,87,96
201710251072,99,9,31
201024135648,56,94,28
201612181888,89,90,73
201112704789,86,92,73
20094538529,51,38,88
201724809327,13,21,96
20170413899,67,12,12
200914042096,39,78,82
20145670178,73,33,21
200919569258,21,51,67
201519431496,20,8,13
201225720164,34,39,57
201424663748,25,55,30
201715045575,54,99,76
200927551712,24,9,19
201026442260,96,71,38
201513441679,19,16,69
201717671698,8,56,44
200929065815,14,6,39
20166900544,82,56,75
201113804177,91,0,72
201227904637,88,5,48
201610148256,14,88,26
201717602963,59,66,52
201514448465,29,85,9
20147312173,76,61,21
201118476032,68,9,10
200916375259,61,78,82
201622644047,59,44,99
20112959401,29,91,69
201525219569,57,80,65
201722213621,49,13,39
201225404161,37,11,91
20159332708,81,89,3
201525289777,47,96,23
201520198992,25,70,66
20121456492,62,83,47
201624540371,31,18,11
201015660547,92,20,56
20117733238,15,2,79
201429202901,71,35,73
20113069559,77,15,54
201521806381,59,68,52
20133488564,3,97,40
20156345898,3,70,76
201014397779,7,34,95
201527061806,59,53,91
201123980859,82,9,75
201621477700,52,89,75
201120051999,56,90,80
201627502408,28,53,59
201619630880,50,3,3
201210153405,46,55,58
201111905433,1,65,34
201018799122,53,1,77
201611308187,7,64,73
20132090524,61,66,32
201319203755,65,79,80
201321050456,79,0,88
200924568047,30,46,95
201422302040,39,97,67
201629014648,52,97,91
200916287601,5,100,7
201213653434,65,51,48
20173991736,53,31,14
201420719297,9,35,69
201713827101,51,89,57
201618751500,91,98,68
20121132101,60,2,49
201513704087,83,12,17
201622156315,43,91,40
20124245836,69,23,80
201215967087,93,80,87
201519055831,30,32,19
20134577992,13,100,80
201622445115,47,32,96
201116342748,58,40,42
20162830331,38,34,77
20093498284,9,86,50
201322393821,89,81,50
201520065685,30,60,96
201327213078,58,30,55
200924767501,18,41,82
20161247106,8,42,26
201514626766,73,71,45
20122277419,18,74,99
20098743993,100,79,98
201318740307,17,85,66
201029144043,10,5,14
20095367486,99,2,24
201314110759,6,98,87
201323575310,67,55,51
200910660570,12,8,57
20130822019,17,81,31
20132330285,75,3,21
20174783174,58,80,76
201512411886,78,68,33
201119498597,89,47,54
201728527499,91,78,16
201220086980,18,10,86
20147042840,39,30,9
201323536222,70,53,75
20141378624,88,14,71
201527237445,40,83,19
201212212381,90,36,61
20111328752,5,81,64
20113291411,6,29,33
20093020312,74,66,63
201428204635,82,30,19
201715605808,75,29,98
201212020856,71,88,9
201225492063,73,33,69
201025315661,58,42,4
201411562022,91,16,46
201121835921,85,30,97
20138434852,5,94,83
20108403207,4,11,47
201221103142,72,38,78
20150678676,34,67,99
201626465305,74,52,86
201119616912,60,66,5
201025871772,41,10,35
20125034081,27,65,3
201016086313,2,38,14
201521919277,16,17,69
20172801402,40,86,99
20115761273,79,11,43
20117940238,53,20,26
201122901514,39,9,62
201614855029,100,70,43
201722918311,54,73,88
201327793186,12,62,27
20162716408,77,62,86
201620286296,41,59,41
201317817839,49,75,6
201218809940,21,40,9
201210008572,22,47,88
20129730200,40,36,82
201729195412,86,54,17
20118716470,83,19,84
201421031140,25,90,82
201329877765,94,81,17
20107776898,37,65,58
201422428019,32,84,95
201327268139,87,8,31
201512407997,61,96,11
20108447452,92,25,65
201224505961,26,94,74
201712702101,26,35,96
201410575216,76,97,88
20097862147,11,35,24
201514245650,70,15,53
20158610698,96,59,93
201724374329,15,63,59
201019558858,30,54,96
20137957240,38,10,80
201220485135,46,96,8
201016742070,73,20,31
20105203300,73,89,59
201210227546,37,78,19
201220478953,93,44,36
201422577048,27,70,12
201715935082,50,22,19
20173067822,22,8,51
201420521243,33,69,56
20117905269,58,63,43
201223842737,69,33,5
200911796996,79,82,69
201313707620,11,10,11
201024014527,52,26,48
20093243179,65,42,40
201515769368,72,91,75
201428711764,88,75,44
200924996050,1,78,94
201220468456,38,30,59
20112372456,42,45,59
201722504655,21,32,41
20108787506,26,57,81
201029854726,96,54,12
201329729771,73,47,19
20141999522,29,81,92
201512429855,3,58,58
200917761436,80,91,41
201324760294,96,3,56
20152215825,18,40,90
201118395996,52,73,64
20172806249,34,64,3
201326020787,72,16,8
201425509528,46,76,54
20179476607,35,4,67
201419462985,80,70,92
20116534600,86,27,83
201419155703,16,37,48
201014490784,86,79,26
201420262823,13,55,94
201325444938,10,7,51
201314589978,87,34,88
201415784461,29,95,81
20154206806,96,7,88
20108252264,97,47,9
20175214965,5,56,37
20115979315,5,31,78
200915392083,30,14,6
20100711059,74,44,22
201726898103,89,0,18
20151050440,61,100,73
20124589877,53,80,11
201011918340,64,82,64
201729797606,80,25,73
201614390446,51,39,20
201014077716,100,3,58
20125728921,38,34,77
201024683501,31,82,69
201725293900,74,83,43
20106848296,5,26,52
201726042087,88,93,83
201410418592,38,78,51
20158690493,11,30,95
20102135929,6,94,40
20159170128,42,10,51
201722168055,52,60,60
20148479026,22,69,59
20155426274,43,46,78
201714851044,70,69,35
201425684577,75,54,76
20169105090,99,44,47
201519019607,19,39,79
201411203183,68,73,30
200926063207,5,79,36
201729379996,3,37,57
201412121157,23,99,69
201428606441,34,88,71
20092332303,30,71,47
201323045780,61,18,67
20121693418,25,74,17
201020121334,67,85,73
20167141446,43,99,16
20141899449,93,31,22
201320742022,47,24,43
20169321143,100,0,97
201315446980,38,80,33
201227345816,55,12,3
201417992523,57,14,29
20131277014,75,97,37
201718792933,32,20,96
201411138299,44,53,65
20162639513,79,35,93
201415096301,70,96,12
201425069819,84,84,68
20119376441,2,10,13
201221219967,40,53,79
201714175730,19,47,76
201225656890,64,27,12
201522797864,7,28,76
201324628198,59,10,68
20097260388,71,51,4
20150693599,46,48,75
20128007983,47,60,62
20150716602,52,73,2
20110515491,23,80,60
200918977058,15,25,53
201218299198,80,14,1
20160309572,6,20,24
201513146517,49,14,38
201124946322,15,18,12
201411769780,92,28,49
200919581887,87,30,14
201211523999,64,83,73
200919342078,99,87,49
201426627090,36,16,32
201113056126,47,59,44
20095998276,71,39,31
201211756154,88,6,8
201620066585,21,64,6
201610921385,78,2,59
201718532541,9,33,21
201419064662,85,52,4
200923955310,65,15,31
201024896857,4,17,92
200910845182,18,100,41
20145773584,39,1,74
201411937086,56,33,48
200914716196,50,64,30
20118982147,39,32,21
201718665693,50,6,87
201222078978,76,44,47
20108789220,43,93,48
20160241403,24,66,87
201529857801,69,76,52
20154908363,82,24,52
201214405713,6,77,93
20092839906,63,86,20
20130654733,58,60,77
201524256746,64,1,90
201612094060,40,78,56
201511774653,2,34,82
201412485610,5,17,76
20148726661,79,20,46
200922808792,90,34,55
20140250058,86,25,33
201523035445,63,16,42
201017762049,29,94,4
201516603632,53,17,9
20133275592,36,94,46
20093395650,59,60,10
201015802581,5,76,95
20096503063,86,31,7
20172870823,9,44,40
200928564005,54,38,84
201225241956,56,87,84
20175775688,98,83,58
200914925900,22,79,84
201425902415,26,49,9
20119044816,27,87,71
201629614160,20,46,70
20175566418,59,23,61
201119322431,64,84,60
201110426577,39,29,99
201415264706,97,28,100
201423042024,66,95,3
201425158811,35,78,69
201629407152,36,81,23
20128218025,40,36,65
20129416130,9,19,84
20138328371,79,37,74
201215689332,79,59,9
201729757426,60,33,78
20171220847,41,14,1
201515878440,87,7,78
20152140414,99,46,3
20143434483,6,44,13
201012352366,19,97,18
20104019703,41,47,6
201519513601,2,28,76
201128820727,10,34,93
201224684916,71,20,13
201324449076,88,7,49
20092386441,60,38,87
201715412123,81,83,32
201116492209,36,16,8
201227371547,68,72,97
201629800144,2,23,12
20131085125,44,68,26
201229251786,26,80,7
200921331852,56,82,45
20163699505,28,54,15
201720315618,19,40,86
201612614341,34,70,6
201523783085,9,55,16
201522030442,100,63,14
201610392727,85,9,85
201721020843,26,12,80
201419741265,84,98,43
201619847769,53,7,76
201214755941,91,52,0
201128899711,93,65,76
201018328404,17,67,81
20167452720,92,30,64
201521869730,85,75,95
201215367395,2,61,55
201322314277,5,12,82
201129994911,61,87,60
201220369282,11,8,39
200911725820,12,83,96
200922614510,57,51,85
201129605531,71,35,55
201120824965,3,45,92
20162473484,28,88,53
201629439915,27,45,12
20166722564,36,50,68
201526301667,47,31,2
20126045990,74,49,81
201610068131,95,43,22
201419462559,60,41,49
201011021797,99,47,58
201524942475,25,24,98
200910919888,7,41,23
201221547978,14,84,18
201410451253,17,88,35
201318971089,49,32,18
201321027177,81,39,44
201020122410,98,55,47
20094076818,42,42,97
201623351742,2,15,72
201621905535,35,99,24
20168920175,56,28,99
200923383312,59,21,28
20106224757,23,32,57
20112554886,81,81,69
201428129451,85,94,53
201619774270,65,86,61
20125527998,14,14,2
201515295048,25,92,0
200929064718,33,49,38
201318702224,34,100,97
201217896742,91,46,37
201127339743,14,78,100
201512800817,78,94,94
20099804528,73,79,41
201624377875,27,69,41
201412861552,32,43,51
200916868245,86,14,9
200910038587,53,24,18
200917476040,68,69,54
201713236631,91,93,42
201724954793,48,96,79
200913151432,98,51,7
20136196800,70,94,68
201721808876,96,6,43
20157811764,58,60,32
20106591135,58,99,57
20135712655,48,22,67
201110519093,22,48,59
201725106133,21,100,95
201317336712,57,68,57
201415293872,38,69,67
201121906705,32,2,22
201412094628,76,32,4
201322603032,99,82,18
20163983536,3,38,65
201127585695,100,32,44
201315610200,95,47,77
20100722000,16,85,66
201223830754,61,95,16
201617450278,28,71,19
201729385756,61,61,11
20146681693,15,46,58
20145780853,45,22,50
201511294771,6,31,35
201623059517,77,53,33
201024656774,5,21,99
201317373844,19,0,89
201227027678,96,52,7
20169178223,93,15,1
201423804030,95,51,61
20141102505,89,93,19
201615448283,83,84,36
20156262150,60,22,52
200925121528,50,10,10
201528430682,80,98,100
201325733565,70,92,48
20118535729,70,59,17
20163399050,83,42,96
201625217867,55,74,51
201618321661,55,0,83
20097687544,30,58,63
20167401478,62,62,25
201517047190,75,4,26
201325610031,53,23,98
20169885722,46,74,18
200914256405,97,88,29
201128297832,91,79,11
20090458533,5,58,33
20138804739,94,5,47
201218336076,33,97,81
201414269952,57,12,49
200917041390,63,22,33
20150854337,95,34,19
201423697594,94,3,43
20169647772,84,53,36
201511826359,20,72,83
201322658338,1,93,54
201314681521,18,23,50
20172379415,25,98,10
20110680467,21,98,82
20095419001,89,55,97
200918034671,64,23,24
201120477921,33,85,95
20111683516,74,35,51
201313993280,5,66,57
201412689142,63,5,100
201318834304,55,64,18
201622092885,24,60,10
20175849462,33,71,78
20159810565,91,39,61
201312064001,70,81,50
201727113311,14,13,7
20139602932,28,4,70
20106046567,68,80,96
200910049431,63,82,57
20118458757,16,51,37
20116209990,68,14,6
201420131979,15,50,43
201421726961,62,19,86
201411450646,78,66,47
201423915079,42,35,63
201219151126,88,42,77
201514807725,48,75,80
201516062146,16,9,22
201729106180,53,49,70
201628428923,4,3,87
201717548742,49,83,64
201121613266,1,21,87
201214613185,14,62,98
20098501061,61,98,8
201619698926,30,59,95
201027281568,52,81,17
200927062499,42,93,32
201321546433,54,43,25
201629808002,97,67,54
201513884046,53,96,22
201128024104,50,53,86
20150021837,95,39,34
201511538137,12,34,1
200913959020,36,13,66
20091229932,81,37,74
201612486594,74,46,38
201420577058,59,29,67
201112488386,49,92,31
201716542385,86,1,74
201027831071,46,23,37
201017792402,35,71,16
201726118364,25,99,76
20168666526,51,70,32
20161552546,5,98,29
20155187417,33,36,45
201124363247,97,31,10
20158089937,48,38,44
201510211233,69,15,59
20144181593,55,67,63
201525509397,5,10,48
20111062560,72,72,92
201512141902,13,59,45
201218414091,35,41,9
201721081916,35,60,25
201620040222,46,95,8
201213409931,27,6,20
201515169815,56,54,45
201022989506,97,62,44
20177823208,3,25,34
201218611559,80,21,49
201626397460,38,18,97
20100524406,8,66,5
201122871609,83,74,23
201028483242,29,32,22
201010793739,71,30,33
201028638047,39,85,97
201713841188,92,29,51
20116667713,36,35,41
201218186666,47,15,68
201528817701,90,64,67
201615665809,71,85,9
201024643106,72,34,54
20110982311,20,66,73
201221111515,46,28,91
201627398802,39,70,72
200910743870,3,32,63
201222799070,4,3,77
201720441343,72,85,95
201226578274,8,13,41
201521167981,24,72,28
20146547384,0,58,8
201120855813,67,59,38
20120597385,23,29,96
201717041051,67,14,14
20146430229,65,15,10
20123501108,54,14,66
20144094957,70,84,6
201610642250,5,19,82
201721324932,46,98,72
201426271180,71,12,10
200923654977,15,18,7
201410378884,21,50,84
20140134667,59,25,61
201114470816,86,50,100
201020135545,80,26,56
20093966981,66,96,15
20179213890,96,13,50
201113145544,60,97,81
201616915412,70,37,42
20147682816,67,49,70
200912694675,81,77,94
20118306560,30,60,38
201524556907,84,68,45
20140956760,44,40,82
201116414879,96,68,74
201615682273,68,93,66
20148748541,25,73,20
201624903737,91,71,66
201029805094,81,82,31
20159215732,88,91,82
20164777826,31,73,51
20107057479,23,28,9
200928816707,44,71,79
20130486307,85,88,45
20120805482,81,47,72
201513752098,52,93,63
201414166249,61,24,41
20142557304,24,21,79
201027473941,74,40,2
20166215045,71,44,33
20137575201,4,74,45
201420752447,83,40,10
201417304092,89,58,87
20158808466,24,27,76
20152117546,49,89,77
20117680097,61,26,49
201111143673,85,32,53
201428500659,82,24,22
200912041323,89,3,24
200923955664,18,84,15
201617052464,35,7,73
201620160329,96,1,40
20118411254,53,44,92
20158266124,60,96,73
201427808077,10,14,98
201625512865,90,62,59
201123262095,54,51,5
20126506965,93,44,69
20151957873,21,20,55
201518633485,32,58,89
20122019223,16,99,15
201326546104,62,46,2
201112120681,19,6,29
201329961278,83,14,91
201618295149,33,23,44
20114156032,69,88,26
201126869792,56,9,66
20131153456,62,54,21
20097401581,49,17,99
20152693894,33,48,92
20128776580,81,64,43
201418068673,25,6,92
201414118431,6,60,64
201112603604,10,38,18
20135885633,25,94,37
20108854764,14,40,11
200925605595,36,28,99
201518321751,71,75,37
201214199177,20,14,47
201318206472,6,19,71
20134033011,3,16,41
20124016678,46,100,60
201313810348,36,24,48
20160707756,12,88,68
20127605537,27,51,43
201127189789,12,20,56
201229230023,14,2,58
201320411369,94,35,8
20134394564,47,85,90
20123766573,78,6,80
201319618139,15,65,76
20128434575,11,58,32
20171147114,4,28,74
20098681832,76,30,20
20161324574,8,2,83
201026287817,73,100,80
201615499730,69,28,70
201721725633,0,78,23
20169596288,18,11,17
201625995302,50,96,38
20111322425,84,53,47
200926289440,99,38,4
20155783867,42,98,75
201223593727,74,88,89
201617405542,54,46,31
201518416414,38,3,24
200911859319,90,54,7
201326164359,48,28,6
201226402643,35,34,44
201328394745,22,66,62
201010146934,25,44,23
201723232310,98,20,49
201718774211,35,75,100
20099857426,7,92,36
20144263958,29,68,44
201018225316,2,67,19
201324143409,89,0,54
201028866151,30,31,99
201517181351,35,67,18
201123221219,59,92,60
201321980915,54,18,22
20159584559,6,24,32
201714335721,47,77,18
20114470258,28,82,28
201725830927,39,79,27
201329248543,29,11,62
20179735700,99,27,84
20126677875,48,73,100
201415318473,8,27,59
201511831203,63,66,79
201412244036,27,23,24
200924212351,69,35,75
20162226431,26,42,73
20101126390,90,56,75
201514503924,88,54,8
201627566674,65,4,86
201528756160,2,100,37
200927141029,93,22,22
201719419832,39,47,86
20167152427,24,0,56
201119156668,34,93,39
201015472493,26,74,37
201425890005,94,28,38
201411498377,50,85,85
201116225892,50,34,64
20166015001,4,62,53
201314861631,57,24,13
20118327608,69,35,81
20133950727,51,22,6
201615752058,26,54,8
201114648281,90,54,90
201113567568,65,15,62
20105360716,0,83,87
201122785342,57,60,83
201320185472,30,53,61
20094757608,3,58,78
200926276069,16,44,37
201110587046,81,94,83
201323954307,4,58,67
201123976013,49,99,69
20144746467,16,2,28
201216543565,12,3,25
20179326547,29,16,75
201218010996,93,99,1
200910292217,34,81,56
201126149327,4,66,64
20091165093,30,58,11
201515718175,70,13,40
20131637949,39,37,92
20091698867,67,95,36
201117125592,3,97,71
201311650436,93,24,10
20112930863,37,66,68
201325782954,16,43,52
20115731446,35,17,88
20145472711,43,68,98
20097943965,83,98,37
20133040420,3,87,67
20141488183,44,0,37
20135473873,60,94,19
20116030470,92,12,78
20148058169,41,86,81
20171628294,91,86,82
201119548286,22,56,15
200926587944,53,27,14
201228783782,5,40,51
20149984974,82,13,63
20161857255,59,28,28
201522913112,55,38,28
200928924881,51,89,99
20098814157,68,63,17
20126369419,27,63,15
201113378267,41,65,5
200924369949,27,96,5
20131972299,38,96,91
20138553057,77,36,39
20092856027,10,59,71
200917683695,55,45,21
201612484933,33,67,2
20113387912,59,40,91
201225980458,17,10,7
201113399980,10,15,60
201512863981,45,41,52
201311143887,4,43,47
201320813107,41,46,89
201520300941,90,12,55
201524432802,7,26,67
201613804171,39,36,11
201513250208,54,45,84
201615944116,55,89,10
200917269485,68,3,38
20111297609,13,78,9
201213961231,62,34,15
20171852282,55,62,27
200923324731,98,49,70
201013109149,90,62,5
201325921229,74,41,91
20110820490,52,95,32
201612955879,98,44,2
20106489354,71,56,3
20162972551,4,1,95
20151295469,63,44,23
201213761921,39,20,66
20121960375,52,35,34
201010911551,44,11,99
201224893274,10,16,98
201517385475,97,68,6
20098471741,65,67,90
201711438944,54,50,69
201123145171,53,35,21
201712247309,19,25,36
20170090817,13,26,50
201316565756,86,67,73
201323637167,31,23,3
201620722730,5,92,3
20126087124,11,72,30
20149172027,39,66,87
20090422704,22,16,2
201123961848,12,94,51
201225373018,37,59,74
201021036279,96,55,61
201728813751,60,14,34
20168271521,59,35,94
200918660216,36,59,22
20101820879,18,93,81
201317961413,94,85,21
20106115314,33,19,39
201326872981,5,67,34
201311923129,38,6,83
201414530278,31,64,14
201020140636,39,11,64
201618417648,88,31,52
201210358673,89,76,47
201212596212,7,44,69
201410881228,67,70,8
20144140974,65,1,88
20130393054,44,26,26
201222379563,56,1,100
201129798271,44,91,41
201723333531,68,58,62
201527801147,65,1,53
201528326345,76,34,90
201715989540,58,50,54
20096025840,52,2,32
201111183194,10,21,57
200924850395,94,8,93
201626213575,84,51,77
201612613499,66,63,19
20162057849,12,86,62
20130727280,27,75,91
20090456297,73,51,70
20177177134,40,40,13
201113909691,45,18,82
201612893086,86,51,41
201125356577,8,11,32
201319113191,35,48,11
20135269505,40,96,58
20127183171,72,86,98
201510063222,80,73,29
201413192639,80,20,80
201418362861,63,93,90
20110130233,83,52,17
20134637271,1,48,20
201123914739,54,1,13
201716353283,93,28,30
201419884712,87,29,28
201119740750,94,17,41
20112805113,54,44,94
20092830866,80,8,70
20118091022,52,54,77
20128951623,97,75,27
201516446227,10,40,20
201111268573,4,64,87
200914674471,44,59,24
201424695919,19,83,94
20164395448,0,71,99
201013822028,22,18,40
201317276385,100,2,15
20161986307,32,48,55
201418123058,98,87,12
201717241924,44,92,27
201022435572,6,64,48
200926748359,40,74,77
201411471990,52,60,12
20134925035,22,88,4
20117289076,95,85,19
20117871951,34,30,46
200916633579,19,99,79
20111879737,79,83,4
20166706150,95,74,10
201021266740,78,57,37
20091599929,68,8,88
201211144557,86,0,24
20092872897,35,82,41
20097607696,77,38,76
201411119541,16,35,61
20159377511,2,0,70
20101897283,1,63,32
20096881020,74,90,36
201113418987,26,51,94
20124169271,76,20,24
200910666829,9,37,38
201227119438,93,67,21
201428049499,77,97,36
20095158852,59,50,80
201114618319,94,12,83
201720767326,20,50,45
201710353592,90,50,72
200910607360,60,9,81
201115231757,20,89,45
201218377128,68,94,70
201122338275,6,23,39
20154005124,67,34,60
20140763148,50,15,60
201511476499,40,18,71
201718608294,61,65,50
201325221246,76,41,19
20175315121,24,59,64
20130516761,11,56,5
201612730104,55,28,66
201110355501,98,38,29
201227021773,80,81,43
200919651590,28,80,86
201528686886,97,24,7
201729518131,31,99,45
20146470228,77,79,20
20174845605,22,44,42
201715258544,98,22,87
201627718761,82,36,89
20113876929,68,38,59
201012873194,66,96,88
201419922001,6,56,78
201528891039,49,37,49
20152223605,64,69,73
201414208219,99,66,47
201223190314,91,9,46
20148426430,78,73,40
201025798917,95,45,66
20141199296,8,79,77
201210169146,9,10,78
201722060900,14,51,14
20125810987,4,81,32
20169622279,33,7,4
20120284950,0,53,99
20167448657,62,33,6
201215029283,22,99,11
200929293149,41,93,52
201629673668,94,58,96
20158510254,89,0,27
201723135621,8,84,62
20131057233,28,68,94
20146564794,84,67,26
201622071538,22,27,37
20130187300,76,22,37
20155422602,21,44,60
20125433772,16,70,48
20178802092,65,14,23
20120773480,76,94,57
20142682137,27,72,91
201116333296,69,90,36
20154547535,3,87,93
201324111041,82,5,81
201725946360,46,69,22
20173869363,98,55,12
20146456919,3,42,31
201320038133,21,82,60
201119558028,89,78,12
20092382150,98,93,11
201525736367,73,41,4
20173889124,63,20,59
201114156306,85,75,76
201725009018,5,40,58
20176433994,19,3,60
20149813822,70,26,96
20125932547,3,56,12
200928080917,43,52,85
20109763518,71,6,74
20108702448,70,21,30
201627162439,93,93,37
200914034755,28,23,30
20108254502,52,64,1
201413987871,21,25,17
201317689847,68,86,17
20092197498,38,83,60
20159610625,9,25,20
201027611601,30,18,82
20113616286,32,21,100
201727457474,36,7,20
20103404155,68,10,16
201723947944,32,5,62
201422826606,79,31,42
201327837950,88,27,20
201521322397,26,15,89
201026853118,47,35,71
201222524200,85,23,27
201720365632,3,61,62
20140046717,70,15,62
201321349450,0,69,26
200922260957,22,69,4
201023298843,43,10,17
20118183230,18,49,28
201310712140,7,77,50
201015739112,79,40,41
201222258822,71,65,47
201520382351,34,48,60
20151737715,44,93,99
200911473460,25,47,66
20092688593,90,29,70
20090256538,64,93,60
201711765022,93,55,52
201427387761,26,62,26
20090278523,63,48,40
200919809434,57,42,30
201115935484,88,23,2
201615431024,84,85,41
20137756269,78,51,41
20172816030,92,23,48
201621280754,77,25,11
201313887324,61,73,77
201027421135,69,33,94
201721791160,60,80,32
20140345258,22,12,86
201325019805,94,97,93
20113550227,1,37,16
201729154485,16,46,14
200913391329,70,13,73
201624443499,48,83,33
201111124618,89,66,99
201425114221,36,65,26
20104388239,19,11,1
20126522763,39,93,78
201221555023,9,17,40
200911731133,88,30,60
201626163372,73,64,54
201529336597,46,75,23
20146598573,66,26,51
201624129488,56,58,33
20157893907,55,90,89
201720286895,90,47,5
201628733496,63,15,40
201412802784,22,45,55
20132622499,96,17,32
20100263038,53,37,58
200920054966,50,38,23
201120168033,31,79,100
201029889991,14,60,35
201510101243,66,18,35
20123763070,58,51,27
201423812514,23,15,61
20118248364,68,10,74
201220830269,3,48,99
201420792986,21,40,70
201611024788,64,79,84
201717830071,61,42,88
20153046180,41,77,63
20158024072,76,30,66
201129612927,34,97,67
201412913123,89,39,30
201120034750,44,63,21
201615589145,3,94,65
201121674295,64,12,79
201416590341,34,25,11
201021619409,2,40,6
20096998538,85,43,25
200916789336,49,13,71
20130007068,78,29,32
201312937311,14,22,56
201226217760,100,7,79
201716845614,56,46,92
201729100701,3,63,49
201416441680,64,24,91
201628661884,28,16,81
201715481034,14,13,4
20154588552,36,15,81
20164114661,52,13,63
20163141977,65,69,44
200916009409,47,2,34
201413010980,84,86,78
200910947318,67,44,40
201128552584,34,89,47
201715241185,80,62,24
201419349359,73,82,84
200922930960,20,60,65
201714026426,97,36,88
201610735555,1,59,42
201715267217,62,77,98
201527442961,80,44,78
201314138162,37,86,22
20151220633,94,13,3
201617693043,65,35,78
201315248182,77,26,0
201617311700,56,18,25
20166442549,64,56,73
20152912275,16,47,38
201719011723,86,22,6
20143531167,10,68,49
20172679117,39,24,87
201311358065,44,11,44
201616115560,84,47,17
201613876675,77,91,82
201116144510,5,52,62
201213313782,9,66,85
201514120077,90,51,82
20103881784,79,85,92
201411140933,96,40,50
20176763803,33,30,64
201016736804,27,27,45
201426475800,0,26,78
20099826760,17,20,51
201621310963,13,58,39
201714586234,98,4,82
201525046616,19,39,26
201317090951,16,74,20
200910270992,55,29,14
20145579994,9,100,3
201224594205,33,52,67
201627876604,27,38,81
201316372112,42,65,58
20137625450,29,8,21
200917802502,22,41,95
200910649062,52,29,56
20168762410,5,23,83
201720539274,26,2,80
201512580435,65,45,76
201126917508,76,40,55
200911128016,80,57,12
201523253252,35,49,31
20104166777,75,60,59
20106599182,41,59,79
201716151311,20,38,25
20132480858,73,88,49
20137186088,75,55,52
200910779554,84,53,3
201319617975,23,13,99
201627601659,77,87,38
20103037452,69,9,20
20147023532,63,2,50
20104517408,20,71,45
20176834238,9,14,53
20158888049,48,99,46
20169530346,74,30,65
201613421529,32,18,66
201721875170,6,81,52
201510764045,54,3,85
201327228373,80,30,75
20093309556,10,18,60
201410587624,97,84,88
201626437405,23,60,60
20148587514,90,41,36
201726762630,24,24,97
201522426198,7,85,59
201625727617,7,39,81
20090033035,14,18,70
201525409463,47,13,8
201629322210,75,68,52
201211303302,15,51,18
201211896139,82,69,26
20159952091,94,56,13
201614360982,57,49,48
20115148183,78,31,60
200910868505,37,71,78
201124057283,19,93,77
20176498455,61,21,39
201323261857,78,44,69
201712731644,18,22,28
200920661009,48,71,74
201215656004,95,83,100
20102123468,73,57,95
201726828815,31,17,82
201618298380,74,67,56
20106272301,16,3,67
20175257857,15,80,80
20144016266,33,42,18
201127951395,79,30,15
201525201254,32,10,5
20159566356,32,93,38
201314078526,23,49,5
20110274357,65,26,53
200929254453,81,90,92
201224968143,8,78,12
201022040787,66,66,82
20166552742,72,57,68
201327416371,13,15,51
201414545397,26,84,16
20157102524,8,58,37
201310432077,56,92,26
201310176190,23,73,12
201618755433,70,23,48
200919842488,65,83,25
20123459433,72,91,77
201523764907,63,42,76
201329569271,43,53,99
201624312291,6,86,24
201717238516,59,7,13
200929441543,69,40,37
201613260890,96,16,22
200929603467,59,86,63
201026574577,19,81,5
201323204221,25,70,1
201515191220,44,85,57
200929118912,47,82,91
20134827512,27,31,88
20090519844,83,66,30
20136632962,51,82,53
201316460004,3,25,21
201528380022,45,19,0
201414657031,43,46,56
200910962766,19,7,3
20116460813,15,89,20
201318257530,24,88,57
20120016079,20,66,83
201526502990,13,87,4
20134434692,32,13,60
200921805091,50,20,90
201229829400,53,0,19
201011668200,96,93,70
200924617124,4,73,48
201725254942,8,44,3
201028584054,31,13,48
201329421648,46,47,78
201317405964,85,30,9
201328009201,29,18,50
20106818042,94,59,12
201126133453,0,20,51
20097581787,99,80,77
201715657655,62,68,34
201725471696,57,5,31
20119062339,3,29,95
20110838133,19,85,92
20122242925,45,74,75
20133299663,100,93,74
201722757843,90,76,28
20170456584,19,39,68
20136620953,82,46,80
20103760591,22,44,13
20110845094,36,48,29
20141821177,36,36,82
20158540086,34,45,10
20123261807,87,25,89
20159608508,31,24,64
201416113541,95,20,75
201715099153,29,1,24